709 390
708 390 390 390
707 391 391
706 391 391 391
705 391 391
704 391
703 392
702 392
700 393 392 392
699 393 393
698 395 395 395 395 394 394 394
697 397 396 396
696 399 398 398 397 397
695 400 400 399 399 399 399
694 403 402 402 401 401 401 401
693 405 405 404 404 404 403 403
692 408 408 408 407 407 406 406 406 405
691 410 410 409 409
690 412 411 411 410
689 414 414 414 414 413 413 412 412
688 418 417 417 417 416 416 415 415
687 422 421 421 421 420 420 419 419 419 418
686 424 423 423 423 422
685 427 427 426 426 425 425 425 424
684 429 429 428 428 428
683 432 431 431 430 430 430 430
682 433 433 432 432 432
681 435 435 435 434 434 434
680 437 436 436 436
679 438 438 438 437
678 442 442 441 441 441 440 439 439
677 444 443 443 443
676 447 446 446 445 445 445 444
675 448 447 447 447
674 450 450 449 449 449 449 448
673 452 451 451 450
672 454 453 453 452 452
671 454 454
670 456 456 455 455
669 457 457 456
668 459 459 458 458 458
667 462 461 461 460 460 460 460
666 464 464 463 463 463 462
193 413 412 412 411 411 411 410 410 409 409 409 408 408 407 407 407 406 406 405
192 415 415 414 414 414 413 413
191 417 417 416 416 416
190 420 420 419 419 418 418 418
189 422 422 422 421 421 420
188 424 423 423 422
187 424 424
186 426 425 425
185 426 426
184 428 427 427
183 429 428
182 431 430 430 429 429
181 432 431 431
180 433 432
179 434 434 433 433
178 435 435
177 436 436 435
176 437 437
175 439 439 438 438 437
174 440 440 440
173 442 441 441 440
172 443 442 442
171 444 444 444 443
170 446 445 445
169 448 447 447 446 446
168 450 449 449 448 448 448
167 451 451 450 450
166 453 452 452 452 451 451
165 454 453 453 453
164 456 455 455 455 455 455 454 454
163 457 457 457 457 456
162 459 459 459 458 458
161 460 460
160 463 462 462 461 461 461
159 464 464 464 463
158 467 466 466 466 465 465
157 469 468 468 468 467
156 471 470 470 470 469
155 474 474 473 473 472 472 472 471
154 476 475 475 475
153 480 480 479 479 479 478 478 477 477 477 476
152 483 482 482 481 481 481
151 485 484 484 483 483 483
150 486 486 486 485
149 488 488 487 487
148 489 489 488
147 492 491 491 490 490 490
146 493 492 492 492
145 494 493
144 495 494 494
143 496 496 495
142 497 497 496 496 496
141 498 497
140 499 499 499 498
139 500 499
138 501 501 501 500
137 503 502 502
136 504 504 503 503
135 505 505 505
134 507 506 506 505
133 507 507
132 508 508
131 510 509 509
130 510 510
129 512 511 511
128 512 512
127 514 513 513
126 514 514
125 516 515 515 514
124 516 516
123 517 516 516
122 517 517
121 518 518
120 519 519 518
119 520 519
118 521 520 520
117 521
116 522 521
115 523 522
114 523 523
479 314 314
478 314 314
477 315 315 315 315
476 316 316
475 317 317 316 316
474 318 318 317
473 319 319 318 318
472 320 319 319
471 321 320 320 320
470 321 321 321
469 322 322 322 322
468 323 322 322
467 324 323 323
466 324 324
465 324
464 326 325 325
463 326 326
462 327 327 327 327 326
461 328 327
460 329 328 328
459 329 329
458 330 330 330
457 331 331 331
456 332 332 332 331
455 333 333
454 334 333
453 335 335 334
452 336 336 335
451 338 338 338 337 337
450 340 339 339
449 342 341 341 340 340
448 342 342
447 343 343 342
446 344 343
445 344 344 344
444 345 345
443 347 346 346 346 346 346
442 348 348 347 347
441 349 349 349 348
440 351 351 350 350 349
439 353 352 352 351
438 354 354 353 353 353
437 355 355 355
436 356 356 356
435 357 357 357
434 359 358 358 358 357
433 359 359 359 359
432 361 360 360 360
431 361 361
430 362 362
429 364 363 363 362
428 364 364
427 365 365 364
426 366 366 366 366
425 368 367 367
424 368 368
423 370 370 369 369
422 371 370 370
421 372 371 371 371
420 373 372 372
419 373 373 373
418 374 374 373
417 375 375
416 376 375 375
415 377 377 377 376
414 378 378 377 377
413 379 379 378
412 380 380 379
411 381 381
410 382 382 381
409 383 383
408 384 384 384 384
407 385 385 385
406 386 386
405 388 387 387 386
404 388 388
403 390 389 389
402 391 390 390 390
401 392 392 391
400 393 393 392
399 395 394 394 394
398 396 396 395
397 397 397 397 397
396 399 398 398
395 399 399 399
394 400 400 400
393 401 401
392 402 402 401
391 403 402
390 404 404 403 403 403
389 405 404
388 405 405 405
387 407 406 406
386 408 408 407
385 409 408
384 409 409
383 410 410 410
382 412 411 411
381 413 412 412 412
380 414 413
379 414 414 414
378 416 415 415
377 417 416 416
376 418 417
375 418 418 418
374 419 419
373 420 420 420 419
372 421 421
371 421 421
370 423 422 422
369 424 423 423
368 425 425 424 424
367 426 425
366 427 427 426
365 427 427
364 429 429 428 428
363 430 429
362 432 431 431 430
361 432 432 432
360 433 433
359 434 434 434 433
358 435 434
357 436 435 435
356 436 436 436 436
355 437 436 436
354 437 437
353 438 437 437
352 438 438
351 438 438 438
350 438 438
349 439 439
348 440 439 439
347 440 440
346 441 440 440
345 441 441
344 443 442 442 442
343 443 443 443
342 444 444 443
341 445 445
340 446 446 445
339 447 447
338 448 448 447
337 449 449